wavelength,response
3301.0,0.0
3303.0,0.0
3305.0,0.0
3307.0,0.0
3309.0,0.0
3311.0,0.0
3313.0,0.0
3315.0,0.0
3317.0,0.0
3319.0,0.0
3321.0,0.0
3323.0,0.0
3325.0,0.0
3327.0,0.0
3329.0,0.0
3331.0,0.0
3333.0,0.0
3335.0,0.0
3337.0,0.0
3339.0,0.0
3341.0,0.0
3343.0,0.0
3345.0,0.0
3347.0,0.0
3349.0,0.0
3351.0,0.0
3353.0,0.0
3355.0,0.0
3357.0,0.0
3359.0,0.0
3361.0,0.0
3363.0,0.0
3365.0,0.0
3367.0,0.0
3369.0,0.0
3371.0,0.0
3373.0,0.0
3375.0,0.0
3377.0,0.0
3379.0,0.0
3381.0,0.0
3383.0,0.0
3385.0,0.0
3387.0,0.0
3389.0,0.0
3391.0,0.0
3393.0,0.0
3395.0,0.0
3397.0,0.0
3399.0,0.0
3401.0,0.0
3403.0,0.0
3405.0,0.0
3407.0,0.0
3409.0,0.0
3411.0,0.0
3413.0,0.0
3415.0,0.0
3417.0,0.0
3419.0,0.0
3421.0,0.0
3423.0,0.0
3425.0,0.0
3427.0,0.0
3429.0,0.0
3431.0,0.0
3433.0,0.0
3435.0,0.0
3437.0,0.0
3439.0,0.0
3441.0,0.0
3443.0,0.0
3445.0,0.0
3447.0,0.0
3449.0,0.0
3451.0,0.0
3453.0,0.0
3455.0,0.0
3457.0,0.0
3459.0,0.0
3461.0,0.0
3463.0,0.0
3465.0,0.0
3467.0,0.0
3469.0,0.0
3471.0,0.0
3473.0,0.0
3475.0,0.0
3477.0,0.0
3479.0,0.0
3481.0,0.0
3483.0,0.0
3485.0,0.0
3487.0,0.0
3489.0,0.0
3491.0,0.0
3493.0,0.0
3495.0,0.0
3497.0,0.0
3499.0,0.0
3501.0,0.0
3503.0,0.0
3505.0,0.0
3507.0,0.0
3509.0,0.0
3511.0,0.0
3513.0,0.0
3515.0,0.0
3517.0,0.0
3519.0,0.0
3521.0,0.0
3523.0,0.0
3525.0,0.0
3527.0,0.0
3529.0,0.0
3531.0,0.0
3533.0,0.0
3535.0,0.0
3537.0,0.0
3539.0,0.0
3541.0,0.0
3543.0,0.0
3545.0,0.0
3547.0,0.0
3549.0,0.0
3551.0,0.0
3553.0,0.0
3555.0,0.0
3557.0,0.0
3559.0,0.0
3561.0,0.0
3563.0,0.0
3565.0,0.0
3567.0,0.0
3569.0,0.0
3571.0,0.0
3573.0,0.0
3575.0,0.0
3577.0,0.0
3579.0,0.0
3581.0,0.0
3583.0,0.0
3585.0,0.0
3587.0,0.0
3589.0,0.0
3591.0,0.0
3593.0,0.0
3595.0,0.0
3597.0,0.0
3599.0,0.0
3601.0,0.0
3603.0,0.0
3605.0,0.0
3607.0,0.0
3609.0,0.0
3611.0,0.0
3613.0,0.0
3615.0,0.0
3617.0,0.0
3619.0,0.0
3621.0,0.0
3623.0,0.0
3625.0,0.0
3627.0,0.0
3629.0,0.0
3631.0,0.0
3633.0,0.0
3635.0,0.0
3637.0,0.0
3639.0,0.0
3641.0,0.0
3643.0,0.0
3645.0,0.0
3647.0,0.0
3649.0,0.0
3651.0,0.0
3653.0,0.0
3655.0,0.0
3657.0,0.0
3659.0,0.0
3661.0,0.0
3663.0,0.0
3665.0,0.0
3667.0,0.0
3669.0,0.0
3671.0,0.0
3673.0,0.0
3675.0,0.0
3677.0,0.0
3679.0,0.0
3681.0,0.0
3683.0,0.0
3685.0,0.0
3687.0,0.0
3689.0,0.0
3691.0,0.0
3693.0,0.0
3695.0,0.0
3697.0,0.0
3699.0,9.999999747378752e-05
3701.0,0.0
3703.0,0.0
3705.0,0.0
3707.0,0.0
3709.0,9.999999747378752e-05
3711.0,0.0
3713.0,0.0
3715.0,0.0
3717.0,0.0
3719.0,0.0
3721.0,0.0
3723.0,0.0
3725.0,0.0
3727.0,0.0
3729.0,0.0
3731.0,0.0
3733.0,0.0
3735.0,0.0
3737.0,0.0
3739.0,0.0
3741.0,0.0
3743.0,0.0
3745.0,0.0
3747.0,0.0
3749.0,0.0
3751.0,0.0
3753.0,0.0
3755.0,0.0
3757.0,0.0
3759.0,0.0
3761.0,0.0
3763.0,0.0
3765.0,0.0
3767.0,0.0
3769.0,0.0
3771.0,0.0
3773.0,0.0
3775.0,0.0
3777.0,0.0
3779.0,0.0
3781.0,0.0
3783.0,0.0
3785.0,0.0
3787.0,0.0
3789.0,0.0
3791.0,0.0
3793.0,0.0
3795.0,0.0
3797.0,0.0
3799.0,0.0
3801.0,0.0
3803.0,0.0
3805.0,0.0
3807.0,0.0
3809.0,0.0
3811.0,0.0
3813.0,0.0
3815.0,0.0
3817.0,0.0
3819.0,0.0
3821.0,0.0
3823.0,0.0
3825.0,0.0
3827.0,0.0
3829.0,0.0
3831.0,0.0
3833.0,0.0
3835.0,0.0
3837.0,0.0
3839.0,0.0
3841.0,0.0
3843.0,0.0
3845.0,0.0
3847.0,0.0
3849.0,0.0
3851.0,0.0
3853.0,0.0
3855.0,0.0
3857.0,0.0
3859.0,0.0
3861.0,0.0
3863.0,0.0
3865.0,0.0
3867.0,0.0
3869.0,0.0
3871.0,0.0
3873.0,0.0
3875.0,0.0
3877.0,0.0
3879.0,0.0
3881.0,0.0
3883.0,0.0
3885.0,0.0
3887.0,0.0
3889.0,0.0
3891.0,0.0
3893.0,0.0
3895.0,0.0
3897.0,0.0
3899.0,0.0
3901.0,0.0
3903.0,0.0
3905.0,0.0
3907.0,0.0
3909.0,0.0
3911.0,0.0
3913.0,0.0
3915.0,0.0
3917.0,0.0
3919.0,0.0
3921.0,0.0
3923.0,0.0
3925.0,0.0
3927.0,0.0
3929.0,0.0
3931.0,0.0
3933.0,0.0
3935.0,0.0
3937.0,0.0
3939.0,0.0
3941.0,0.0
3943.0,0.0
3945.0,0.0
3947.0,0.0
3949.0,0.0
3951.0,0.0
3953.0,0.0
3955.0,0.0
3957.0,0.0
3959.0,0.0
3961.0,0.0
3963.0,0.0
3965.0,0.0
3967.0,0.0
3969.0,0.0
3971.0,0.0
3973.0,0.0
3975.0,0.0
3977.0,0.0
3979.0,0.0
3981.0,0.0
3983.0,0.0
3985.0,0.0
3987.0,0.0
3989.0,0.0
3991.0,0.0
3993.0,0.0
3995.0,0.0
3997.0,0.0
3999.0,0.0
4001.0,0.0
4003.0,0.0
4005.0,0.0
4007.0,0.0
4009.0,0.0
4011.0,0.0
4013.0,0.0
4015.0,0.0
4017.0,0.0
4019.0,0.0
4021.0,0.0
4023.0,0.0
4025.0,0.0
4027.0,0.0
4029.0,0.0
4031.0,0.0
4033.0,0.0
4035.0,0.0
4037.0,0.0
4039.0,0.0
4041.0,0.0
4043.0,0.0
4045.0,0.0
4047.0,0.0
4049.0,0.0
4051.0,0.0
4053.0,0.0
4055.0,0.0
4057.0,0.0
4059.0,0.0
4061.0,0.0
4063.0,0.0
4065.0,0.0
4067.0,0.0
4069.0,0.0
4071.0,0.0
4073.0,0.0
4075.0,0.0
4077.0,0.0
4079.0,0.0
4081.0,0.0
4083.0,0.0
4085.0,0.0
4087.0,0.0
4089.0,0.0
4091.0,0.0
4093.0,0.0
4095.0,0.0
4097.0,0.0
4099.0,0.0
4101.0,0.0
4103.0,0.0
4105.0,0.0
4107.0,0.0
4109.0,0.0
4111.0,0.0
4113.0,0.0
4115.0,0.0
4117.0,0.0
4119.0,0.0
4121.0,0.0
4123.0,0.0
4125.0,0.0
4127.0,0.0
4129.0,0.0
4131.0,0.0
4133.0,0.0
4135.0,0.0
4137.0,0.0
4139.0,0.0
4141.0,0.0
4143.0,0.0
4145.0,0.0
4147.0,0.0
4149.0,0.0
4151.0,0.0
4153.0,0.0
4155.0,0.0
4157.0,0.0
4159.0,0.0
4161.0,0.0
4163.0,0.0
4165.0,0.0
4167.0,0.0
4169.0,0.0
4171.0,0.0
4173.0,0.0
4175.0,0.0
4177.0,0.0
4179.0,0.0
4181.0,0.0
4183.0,0.0
4185.0,0.0
4187.0,0.0
4189.0,0.0
4191.0,0.0
4193.0,0.0
4195.0,0.0
4197.0,0.0
4199.0,0.0
4201.0,0.0
4203.0,0.0
4205.0,0.0
4207.0,0.0
4209.0,0.0
4211.0,0.0
4213.0,0.0
4215.0,0.0
4217.0,0.0
4219.0,0.0
4221.0,0.0
4223.0,0.0
4225.0,0.0
4227.0,0.0
4229.0,0.0
4231.0,0.0
4233.0,0.0
4235.0,0.0
4237.0,0.0
4239.0,0.0
4241.0,0.0
4243.0,0.0
4245.0,0.0
4247.0,0.0
4249.0,0.0
4251.0,0.0
4253.0,0.0
4255.0,0.0
4257.0,0.0
4259.0,0.0
4261.0,0.0
4263.0,0.0
4265.0,0.0
4267.0,0.0
4269.0,0.0
4271.0,0.0
4273.0,0.0
4275.0,0.0
4277.0,0.0
4279.0,0.0
4281.0,0.0
4283.0,0.0
4285.0,0.0
4287.0,0.0
4289.0,0.0
4291.0,0.0
4293.0,0.0
4295.0,0.0
4297.0,9.999999747378752e-05
4299.0,0.0
4301.0,0.0
4303.0,0.0
4305.0,0.0
4307.0,0.0
4309.0,0.0
4311.0,0.0
4313.0,0.0
4315.0,0.0
4317.0,0.0
4319.0,0.0
4321.0,0.0
4323.0,0.0
4325.0,0.0
4327.0,0.0
4329.0,0.0
4331.0,0.0
4333.0,9.999999747378752e-05
4335.0,0.0
4337.0,0.0
4339.0,0.0
4341.0,0.0
4343.0,0.0
4345.0,0.0
4347.0,0.0
4349.0,0.0
4351.0,0.0
4353.0,0.0
4355.0,0.0
4357.0,0.0
4359.0,0.0
4361.0,9.999999747378752e-05
4363.0,0.0
4365.0,0.0
4367.0,0.0
4369.0,0.0
4371.0,0.0
4373.0,0.0
4375.0,0.0
4377.0,0.0
4379.0,0.0
4381.0,0.0
4383.0,0.0
4385.0,0.0
4387.0,0.0
4389.0,0.0
4391.0,0.0
4393.0,0.0
4395.0,0.0
4397.0,0.0
4399.0,0.0
4401.0,0.0
4403.0,0.0
4405.0,0.0
4407.0,0.0
4409.0,0.0
4411.0,0.0
4413.0,0.0
4415.0,0.0
4417.0,0.0
4419.0,0.0
4421.0,0.0
4423.0,0.0
4425.0,0.0
4427.0,0.0
4429.0,0.0
4431.0,0.0
4433.0,0.0
4435.0,0.0
4437.0,0.0
4439.0,0.0
4441.0,0.0
4443.0,0.0
4445.0,0.0
4447.0,0.0
4449.0,0.0
4451.0,0.0
4453.0,9.999999747378752e-05
4455.0,0.0
4457.0,0.0
4459.0,0.0
4461.0,0.0
4463.0,0.0
4465.0,0.0
4467.0,0.0
4469.0,0.0
4471.0,0.0
4473.0,0.0
4475.0,0.0
4477.0,0.0
4479.0,0.0
4481.0,9.999999747378752e-05
4483.0,0.0
4485.0,0.0
4487.0,0.0
4489.0,0.0
4491.0,0.0
4493.0,0.0
4495.0,0.0
4497.0,0.0
4499.0,0.0
4501.0,0.0
4503.0,0.0
4505.0,0.0
4507.0,0.0
4509.0,0.0
4511.0,0.0
4513.0,0.0
4515.0,0.0
4517.0,0.0
4519.0,0.0
4521.0,0.0
4523.0,0.0
4525.0,0.0
4527.0,0.0
4529.0,0.0
4531.0,0.0
4533.0,0.0
4535.0,0.0
4537.0,0.0
4539.0,0.0
4541.0,0.0
4543.0,0.0
4545.0,0.0
4547.0,0.0
4549.0,0.0
4551.0,0.0
4553.0,0.0
4555.0,0.0
4557.0,0.0
4559.0,0.0
4561.0,0.0
4563.0,0.0
4565.0,0.0
4567.0,0.0
4569.0,0.0
4571.0,0.0
4573.0,0.0
4575.0,0.0
4577.0,0.0
4579.0,0.0
4581.0,0.0
4583.0,0.0
4585.0,0.0
4587.0,0.0
4589.0,0.0
4591.0,0.0
4593.0,0.0
4595.0,0.0
4597.0,0.0
4599.0,0.0
4601.0,0.0
4603.0,0.0
4605.0,0.0
4607.0,0.0
4609.0,0.0
4611.0,0.0
4613.0,0.0
4615.0,0.0
4617.0,0.0
4619.0,0.0
4621.0,0.0
4623.0,0.0
4625.0,0.0
4627.0,0.0
4629.0,0.0
4631.0,0.0
4633.0,0.0
4635.0,0.0
4637.0,0.0
4639.0,0.0
4641.0,0.0
4643.0,0.0
4645.0,0.0
4647.0,0.0
4649.0,0.0
4651.0,0.0
4653.0,0.0
4655.0,0.0
4657.0,0.0
4659.0,0.0
4661.0,0.0
4663.0,0.0
4665.0,0.0
4667.0,0.0
4669.0,0.0
4671.0,0.0
4673.0,0.0
4675.0,0.0
4677.0,0.0
4679.0,0.0
4681.0,0.0
4683.0,0.0
4685.0,0.0
4687.0,0.0
4689.0,0.0
4691.0,0.0
4693.0,0.0
4695.0,0.0
4697.0,0.0
4699.0,0.0
4701.0,0.0
4703.0,0.0
4705.0,0.0
4707.0,0.0
4709.0,0.0
4711.0,0.0
4713.0,0.0
4715.0,0.0
4717.0,0.0
4719.0,0.0
4721.0,0.0
4723.0,0.0
4725.0,0.0
4727.0,0.0
4729.0,0.0
4731.0,0.0
4733.0,0.0
4735.0,0.0
4737.0,0.0
4739.0,0.0
4741.0,0.0
4743.0,0.0
4745.0,0.0
4747.0,0.0
4749.0,0.0
4751.0,0.0
4753.0,0.0
4755.0,0.0
4757.0,0.0
4759.0,0.0
4761.0,0.0
4763.0,0.0
4765.0,0.0
4767.0,0.0
4769.0,0.0
4771.0,0.0
4773.0,0.0
4775.0,0.0
4777.0,0.0
4779.0,0.0
4781.0,0.0
4783.0,0.0
4785.0,0.0
4787.0,0.0
4789.0,0.0
4791.0,0.0
4793.0,0.0
4795.0,0.0
4797.0,0.0
4799.0,0.0
4801.0,0.0
4803.0,0.0
4805.0,0.0
4807.0,0.0
4809.0,0.0
4811.0,0.0
4813.0,0.0
4815.0,0.0
4817.0,0.0
4819.0,0.0
4821.0,0.0
4823.0,0.0
4825.0,0.0
4827.0,0.0
4829.0,0.0
4831.0,0.0
4833.0,0.0
4835.0,0.0
4837.0,0.0
4839.0,0.0
4841.0,0.0
4843.0,0.0
4845.0,0.0
4847.0,0.0
4849.0,0.0
4851.0,0.0
4853.0,0.0
4855.0,0.0
4857.0,0.0
4859.0,0.0
4861.0,0.0
4863.0,0.0
4865.0,0.0
4867.0,0.0
4869.0,0.0
4871.0,0.0
4873.0,0.0
4875.0,0.0
4877.0,0.0
4879.0,0.0
4881.0,0.0
4883.0,0.0
4885.0,0.0
4887.0,0.0
4889.0,0.0
4891.0,0.0
4893.0,0.0
4895.0,0.0
4897.0,0.0
4899.0,0.0
4901.0,0.0
4903.0,0.0
4905.0,0.0
4907.0,0.0
4909.0,0.0
4911.0,0.0
4913.0,0.0
4915.0,0.0
4917.0,0.0
4919.0,0.0
4921.0,0.0
4923.0,0.0
4925.0,0.0
4927.0,0.0
4929.0,0.0
4931.0,0.0
4933.0,0.0
4935.0,0.0
4937.0,0.0
4939.0,0.0
4941.0,0.0
4943.0,0.0
4945.0,0.0
4947.0,0.0
4949.0,0.0
4951.0,0.0
4953.0,0.0
4955.0,0.0
4957.0,0.0
4959.0,0.0
4961.0,0.0
4963.0,0.0
4965.0,0.0
4967.0,0.0
4969.0,0.0
4971.0,0.0
4973.0,0.0
4975.0,0.0
4977.0,0.0
4979.0,0.0
4981.0,0.0
4983.0,0.0
4985.0,0.0
4987.0,0.0
4989.0,0.0
4991.0,0.0
4993.0,0.0
4995.0,0.0
4997.0,0.0
4999.0,0.0
5001.0,0.0
5003.0,0.0
5005.0,0.0
5007.0,0.0
5009.0,0.0
5011.0,0.0
5013.0,0.0
5015.0,0.0
5017.0,0.0
5019.0,0.0
5021.0,0.0
5023.0,0.0
5025.0,0.0
5027.0,0.0
5029.0,0.0
5031.0,0.0
5033.0,0.0
5035.0,0.0
5037.0,0.0
5039.0,0.0
5041.0,0.0
5043.0,0.0
5045.0,0.0
5047.0,0.0
5049.0,0.0
5051.0,0.0
5053.0,0.0
5055.0,0.0
5057.0,0.0
5059.0,0.0
5061.0,0.0
5063.0,0.0
5065.0,0.0
5067.0,0.0
5069.0,0.0
5071.0,0.0
5073.0,0.0
5075.0,0.0
5077.0,0.0
5079.0,0.0
5081.0,0.0
5083.0,0.0
5085.0,0.0
5087.0,0.0
5089.0,0.0
5091.0,0.0
5093.0,0.0
5095.0,0.0
5097.0,0.0
5099.0,0.0
5101.0,0.0
5103.0,0.0
5105.0,9.999999747378752e-05
5107.0,0.0
5109.0,0.0
5111.0,0.0
5113.0,0.0
5115.0,0.0
5117.0,0.0
5119.0,0.0
5121.0,0.0
5123.0,0.0
5125.0,0.0
5127.0,0.0
5129.0,0.0
5131.0,0.0
5133.0,0.0
5135.0,0.0
5137.0,0.0
5139.0,0.0
5141.0,0.0
5143.0,0.0
5145.0,0.0
5147.0,0.0
5149.0,0.0
5151.0,0.0
5153.0,0.0
5155.0,0.0
5157.0,0.0
5159.0,0.0
5161.0,9.999999747378752e-05
5163.0,0.0
5165.0,0.0
5167.0,0.0
5169.0,0.0
5171.0,0.0
5173.0,0.0
5175.0,0.0
5177.0,0.0
5179.0,0.0
5181.0,0.0
5183.0,0.0
5185.0,0.0
5187.0,0.0
5189.0,0.0
5191.0,0.0
5193.0,0.0
5195.0,0.0
5197.0,0.0
5199.0,0.0
5201.0,0.0
5203.0,0.0
5205.0,0.0
5207.0,0.0
5209.0,0.0
5211.0,0.0
5213.0,0.0
5215.0,0.0
5217.0,0.0
5219.0,0.0
5221.0,0.0
5223.0,0.0
5225.0,0.0
5227.0,0.0
5229.0,0.0
5231.0,0.00019999999494757503
5233.0,0.0
5235.0,0.0
5237.0,0.0
5239.0,0.0
5241.0,0.0
5243.0,0.0
5245.0,0.0
5247.0,0.0
5249.0,0.0
5251.0,0.0
5253.0,0.0
5255.0,0.0
5257.0,0.0
5259.0,0.0
5261.0,0.0
5263.0,0.0
5265.0,0.0
5267.0,0.0
5269.0,0.0
5271.0,0.0
5273.0,0.0
5275.0,0.0
5277.0,0.0
5279.0,0.0
5281.0,0.0
5283.0,0.0
5285.0,0.0
5287.0,0.0
5289.0,0.0
5291.0,0.0
5293.0,0.0
5295.0,0.0
5297.0,0.0
5299.0,0.0
5301.0,0.0
5303.0,0.0
5305.0,0.0
5307.0,0.0
5309.0,0.0
5311.0,0.0
5313.0,0.0
5315.0,0.0
5317.0,0.0
5319.0,0.0
5321.0,0.0
5323.0,0.0
5325.0,0.0
5327.0,0.0
5329.0,0.0
5331.0,0.0
5333.0,0.0
5335.0,0.0
5337.0,0.0
5339.0,0.0
5341.0,0.0
5343.0,0.0
5345.0,0.0
5347.0,0.0
5349.0,0.0
5351.0,0.0
5353.0,0.0
5355.0,0.0
5357.0,0.0
5359.0,0.0
5361.0,0.0
5363.0,0.0
5365.0,0.0
5367.0,0.0
5369.0,0.0
5371.0,0.0
5373.0,0.0
5375.0,0.0
5377.0,0.0
5379.0,0.0
5381.0,0.0
5383.0,0.0
5385.0,0.0
5387.0,0.0
5389.0,0.0
5391.0,0.0
5393.0,0.0
5395.0,0.0
5397.0,0.0
5399.0,0.0
5401.0,0.0
5403.0,0.0
5405.0,0.0
5407.0,0.0
5409.0,0.0
5411.0,0.0
5413.0,0.0
5415.0,0.0
5417.0,0.0
5419.0,0.0
5421.0,0.0
5423.0,0.0
5425.0,0.0
5427.0,0.0
5429.0,0.0
5431.0,0.0
5433.0,0.0
5435.0,0.0
5437.0,0.0
5439.0,0.0
5441.0,0.0
5443.0,0.0
5445.0,0.0
5447.0,0.0
5449.0,0.0
5451.0,0.0
5453.0,0.0
5455.0,0.0
5457.0,0.0
5459.0,0.0
5461.0,0.0
5463.0,0.0
5465.0,0.0
5467.0,0.0
5469.0,0.0
5471.0,0.0
5473.0,0.0
5475.0,0.0
5477.0,0.0
5479.0,0.0
5481.0,0.0
5483.0,0.0
5485.0,0.0
5487.0,0.0
5489.0,0.0
5491.0,0.0
5493.0,0.0
5495.0,0.0
5497.0,0.0
5499.0,0.0
5501.0,0.0
5503.0,0.0
5505.0,0.0
5507.0,0.0
5509.0,0.0
5511.0,0.0
5513.0,0.0
5515.0,0.0
5517.0,0.0
5519.0,0.0
5521.0,0.0
5523.0,0.0
5525.0,0.0
5527.0,0.0
5529.0,0.0
5531.0,0.0
5533.0,0.0
5535.0,0.0
5537.0,0.0
5539.0,0.0
5541.0,0.0
5543.0,0.0
5545.0,0.0
5547.0,0.0
5549.0,0.0
5551.0,0.0
5553.0,0.0
5555.0,0.0
5557.0,0.0
5559.0,0.0
5561.0,0.0
5563.0,0.0
5565.0,0.0
5567.0,0.0
5569.0,0.0
5571.0,0.0
5573.0,0.0
5575.0,0.0
5577.0,0.0
5579.0,0.0
5581.0,0.0
5583.0,0.0
5585.0,0.0
5587.0,0.0
5589.0,0.0
5591.0,0.0
5593.0,0.0
5595.0,0.0
5597.0,0.0
5599.0,0.0
5601.0,0.0
5603.0,0.0
5605.0,0.0
5607.0,0.0
5609.0,0.0
5611.0,0.0
5613.0,0.0
5615.0,0.0
5617.0,0.0
5619.0,0.0
5621.0,0.0
5623.0,0.0
5625.0,0.0
5627.0,0.0
5629.0,0.0
5631.0,0.0
5633.0,0.0
5635.0,0.0
5637.0,0.0
5639.0,0.0
5641.0,0.0
5643.0,0.0
5645.0,0.0
5647.0,0.0
5649.0,0.0
5651.0,0.0
5653.0,0.0
5655.0,0.0
5657.0,0.0
5659.0,0.0
5661.0,0.0
5663.0,0.0
5665.0,0.0
5667.0,0.0
5669.0,0.0
5671.0,0.0
5673.0,0.0
5675.0,0.0
5677.0,0.0
5679.0,0.0
5681.0,0.0
5683.0,0.0
5685.0,0.0
5687.0,0.0
5689.0,0.0
5691.0,0.0
5693.0,0.0
5695.0,0.0
5697.0,0.0
5699.0,0.0
5701.0,0.0
5703.0,0.0
5705.0,0.0
5707.0,0.0
5709.0,0.0
5711.0,0.0
5713.0,0.0
5715.0,0.0
5717.0,0.0
5719.0,0.0
5721.0,0.0
5723.0,0.0
5725.0,0.0
5727.0,0.0
5729.0,0.0
5731.0,0.0
5733.0,0.0
5735.0,0.0
5737.0,0.0
5739.0,0.0
5741.0,0.0
5743.0,0.0
5745.0,0.0
5747.0,0.0
5749.0,0.0
5751.0,0.0
5753.0,0.0
5755.0,0.0
5757.0,9.999999747378752e-05
5759.0,0.0
5761.0,0.0
5763.0,0.0
5765.0,0.0
5767.0,0.0
5769.0,0.0
5771.0,0.0
5773.0,0.0
5775.0,0.0
5777.0,0.0
5779.0,0.0
5781.0,0.0
5783.0,0.0
5785.0,0.0
5787.0,0.0
5789.0,0.0
5791.0,0.0
5793.0,0.0
5795.0,0.0
5797.0,0.0
5799.0,0.0
5801.0,0.0
5803.0,0.0
5805.0,0.0
5807.0,0.0
5809.0,0.0
5811.0,0.0
5813.0,0.0
5815.0,0.0
5817.0,0.0
5819.0,0.0
5821.0,0.0
5823.0,0.0
5825.0,0.0
5827.0,0.0
5829.0,0.0
5831.0,0.0
5833.0,0.0
5835.0,0.0
5837.0,0.0
5839.0,0.0
5841.0,0.0
5843.0,0.0
5845.0,0.0
5847.0,0.0
5849.0,0.0
5851.0,0.0
5853.0,0.0
5855.0,0.0
5857.0,0.0
5859.0,9.999999747378752e-05
5861.0,9.999999747378752e-05
5863.0,9.999999747378752e-05
5865.0,9.999999747378752e-05
5867.0,9.999999747378752e-05
5869.0,9.999999747378752e-05
5871.0,9.999999747378752e-05
5873.0,9.999999747378752e-05
5875.0,9.999999747378752e-05
5877.0,9.999999747378752e-05
5879.0,9.999999747378752e-05
5881.0,9.999999747378752e-05
5883.0,9.999999747378752e-05
5885.0,9.999999747378752e-05
5887.0,9.999999747378752e-05
5889.0,0.00019999999494757503
5891.0,0.00019999999494757503
5893.0,0.00019999999494757503
5895.0,0.00019999999494757503
5897.0,0.00019999999494757503
5899.0,0.00019999999494757503
5901.0,0.00019999999494757503
5903.0,0.0003000000142492354
5905.0,0.0003000000142492354
5907.0,0.0003000000142492354
5909.0,0.00039999998989515007
5911.0,0.00039999998989515007
5913.0,0.00039999998989515007
5915.0,0.0005000000237487257
5917.0,0.0005000000237487257
5919.0,0.0006000000284984708
5921.0,0.0006000000284984708
5923.0,0.000699999975040555
5925.0,0.0007999999797903001
5927.0,0.0008999999845400453
5929.0,0.0008999999845400453
5931.0,0.0010000000474974513
5933.0,0.0010999999940395355
5935.0,0.0013000000035390258
5937.0,0.00139999995008111
5939.0,0.0015999999595806003
5941.0,0.0017999999690800905
5943.0,0.0020000000949949026
5945.0,0.002199999988079071
5947.0,0.0026000000070780516
5949.0,0.002899999963119626
5951.0,0.0032999999821186066
5953.0,0.003800000064074993
5955.0,0.004399999976158142
5957.0,0.004999999888241291
5959.0,0.005799999926239252
5961.0,0.006599999964237213
5963.0,0.007600000128149986
5965.0,0.00860000029206276
5967.0,0.00989999994635582
5969.0,0.011300000362098217
5971.0,0.013100000098347664
5973.0,0.015200000256299973
5975.0,0.017799999564886093
5977.0,0.020999999716877937
5979.0,0.024900000542402267
5981.0,0.029899999499320984
5983.0,0.03610000014305115
5985.0,0.043800000101327896
5987.0,0.05339999869465828
5989.0,0.06509999930858612
5991.0,0.07940000295639038
5993.0,0.09669999778270721
5995.0,0.11710000038146973
5997.0,0.1412999927997589
5999.0,0.16920000314712524
6001.0,0.2012999951839447
6003.0,0.23729999363422394
6005.0,0.27639999985694885
6007.0,0.3167000114917755
6009.0,0.35569998621940613
6011.0,0.3905999958515167
6013.0,0.4196999967098236
6015.0,0.4422000050544739
6017.0,0.459199994802475
6019.0,0.4715999960899353
6021.0,0.4805000126361847
6023.0,0.4869999885559082
6025.0,0.49140000343322754
6027.0,0.4943999946117401
6029.0,0.4961000084877014
6031.0,0.49720001220703125
6033.0,0.4975000023841858
6035.0,0.4973999857902527
6037.0,0.4968999922275543
6039.0,0.49630001187324524
6041.0,0.49559998512268066
6043.0,0.4948999881744385
6045.0,0.4943000078201294
6047.0,0.49380001425743103
6049.0,0.4932999908924103
6051.0,0.49300000071525574
6053.0,0.4927999973297119
6055.0,0.4925000071525574
6057.0,0.49230000376701355
6059.0,0.4921000003814697
6061.0,0.4918000102043152
6063.0,0.49160000681877136
6065.0,0.49129998683929443
6067.0,0.4909999966621399
6069.0,0.49079999327659607
6071.0,0.49059998989105225
6073.0,0.4903999865055084
6075.0,0.4902999997138977
6077.0,0.4900999963283539
6079.0,0.48980000615119934
6081.0,0.4893999993801117
6083.0,0.48910000920295715
6085.0,0.4885999858379364
6087.0,0.48809999227523804
6089.0,0.4875999987125397
6091.0,0.4871000051498413
6093.0,0.48660001158714294
6095.0,0.4860999882221222
6097.0,0.48570001125335693
6099.0,0.4853000044822693
6101.0,0.48510000109672546
6103.0,0.4848000109195709
6105.0,0.4846000075340271
6107.0,0.4844000041484833
6109.0,0.48410001397132874
6111.0,0.4837999939918518
6113.0,0.48339998722076416
6115.0,0.4830999970436096
6117.0,0.482699990272522
6119.0,0.4821999967098236
6121.0,0.48170000314712524
6123.0,0.4812000095844269
6125.0,0.48069998621940613
6127.0,0.48019999265670776
6129.0,0.4796999990940094
6131.0,0.47929999232292175
6133.0,0.47870001196861267
6135.0,0.478300005197525
6137.0,0.4779999852180481
6139.0,0.47760000824928284
6141.0,0.4772000014781952
6143.0,0.47690001130104065
6145.0,0.4765999913215637
6147.0,0.4763000011444092
6149.0,0.47589999437332153
6151.0,0.475600004196167
6153.0,0.47519999742507935
6155.0,0.4747999906539917
6157.0,0.4742000102996826
6159.0,0.47380000352859497
6161.0,0.4733000099658966
6163.0,0.47279998660087585
6165.0,0.4722999930381775
6167.0,0.47189998626708984
6169.0,0.4715999960899353
6171.0,0.47130000591278076
6173.0,0.47110000252723694
6175.0,0.4708999991416931
6177.0,0.4706000089645386
6179.0,0.47029998898506165
6181.0,0.4699000120162964
6183.0,0.4693000018596649
6185.0,0.4684999883174896
6187.0,0.4677000045776367
6189.0,0.4668000042438507
6191.0,0.4659000039100647
6193.0,0.4648999869823456
6195.0,0.4641000032424927
6197.0,0.4634999930858612
6199.0,0.46309998631477356
6201.0,0.4629000127315521
6203.0,0.462799996137619
6205.0,0.4629000127315521
6207.0,0.46299999952316284
6209.0,0.46309998631477356
6211.0,0.46299999952316284
6213.0,0.4627000093460083
6215.0,0.46219998598098755
6217.0,0.46149998903274536
6219.0,0.46059998869895935
6221.0,0.45980000495910645
6223.0,0.45879998803138733
6225.0,0.45750001072883606
6227.0,0.45570001006126404
6229.0,0.45260000228881836
6231.0,0.44749999046325684
6233.0,0.4392000138759613
6235.0,0.42669999599456787
6237.0,0.4092000126838684
6239.0,0.3864000141620636
6241.0,0.3589000105857849
6243.0,0.3278999924659729
6245.0,0.295199990272522
6247.0,0.2623000144958496
6249.0,0.2304999977350235
6251.0,0.20100000500679016
6253.0,0.17409999668598175
6255.0,0.1501999944448471
6257.0,0.12919999659061432
6259.0,0.11100000143051147
6261.0,0.09529999643564224
6263.0,0.08179999887943268
6265.0,0.07020000368356705
6267.0,0.06030000001192093
6269.0,0.05169999971985817
6271.0,0.04430000111460686
6273.0,0.03790000081062317
6275.0,0.03229999914765358
6277.0,0.027400000020861626
6279.0,0.02319999970495701
6281.0,0.019899999722838402
6283.0,0.01720000058412552
6285.0,0.014999999664723873
6287.0,0.013100000098347664
6289.0,0.01140000019222498
6291.0,0.009999999776482582
6293.0,0.008799999952316284
6295.0,0.007799999788403511
6297.0,0.006899999920278788
6299.0,0.006200000178068876
6301.0,0.005499999970197678
6303.0,0.004999999888241291
6305.0,0.0044999998062849045
6307.0,0.004000000189989805
6309.0,0.003599999938160181
6311.0,0.0032999999821186066
6313.0,0.002899999963119626
6315.0,0.0026000000070780516
6317.0,0.002400000113993883
6319.0,0.002099999925121665
6321.0,0.0019000000320374966
6323.0,0.0017000000225380063
6325.0,0.001500000013038516
6327.0,0.00139999995008111
6329.0,0.0012000000569969416
6331.0,0.0010999999940395355
6333.0,0.0010000000474974513
6335.0,0.0008999999845400453
6337.0,0.0008999999845400453
6339.0,0.0007999999797903001
6341.0,0.000699999975040555
6343.0,0.000699999975040555
6345.0,0.0006000000284984708
6347.0,0.0006000000284984708
6349.0,0.0005000000237487257
6351.0,0.0005000000237487257
6353.0,0.0005000000237487257
6355.0,0.00039999998989515007
6357.0,0.00039999998989515007
6359.0,0.00039999998989515007
6361.0,0.0003000000142492354
6363.0,0.0003000000142492354
6365.0,0.0003000000142492354
6367.0,0.0003000000142492354
6369.0,0.00019999999494757503
6371.0,0.00019999999494757503
6373.0,0.00019999999494757503
6375.0,0.00019999999494757503
6377.0,0.00019999999494757503
6379.0,0.00019999999494757503
6381.0,0.00019999999494757503
6383.0,9.999999747378752e-05
6385.0,9.999999747378752e-05
6387.0,9.999999747378752e-05
6389.0,9.999999747378752e-05
6391.0,9.999999747378752e-05
6393.0,9.999999747378752e-05
6395.0,9.999999747378752e-05
6397.0,9.999999747378752e-05
6399.0,9.999999747378752e-05
6401.0,9.999999747378752e-05
6403.0,9.999999747378752e-05
6405.0,9.999999747378752e-05
6407.0,9.999999747378752e-05
6409.0,9.999999747378752e-05
6411.0,9.999999747378752e-05
6413.0,9.999999747378752e-05
6415.0,9.999999747378752e-05
6417.0,9.999999747378752e-05
6419.0,0.0
6421.0,0.0
6423.0,0.0
6425.0,0.0
6427.0,0.0
6429.0,0.0
6431.0,0.0
6433.0,0.0
6435.0,0.0
6437.0,0.0
6439.0,0.0
6441.0,0.0
6443.0,0.0
6445.0,0.0
6447.0,0.0
6449.0,0.0
6451.0,0.0
6453.0,0.0
6455.0,0.0
6457.0,0.0
6459.0,0.0
6461.0,0.0
6463.0,0.0
6465.0,0.0
6467.0,0.0
6469.0,0.0
6471.0,0.0
6473.0,0.0
6475.0,0.0
6477.0,0.0
6479.0,0.0
6481.0,0.0
6483.0,0.0
6485.0,0.0
6487.0,0.0
6489.0,0.0
6491.0,0.0
6493.0,0.0
6495.0,0.0
6497.0,0.0
6499.0,0.0
6501.0,0.0
6503.0,0.0
6505.0,0.0
6507.0,0.0
6509.0,0.0
6511.0,0.0
6513.0,0.0
6515.0,0.0
6517.0,0.0
6519.0,0.0
6521.0,0.0
6523.0,0.0
6525.0,0.0
6527.0,9.999999747378752e-05
6529.0,9.999999747378752e-05
6531.0,0.0
6533.0,0.0
6535.0,0.0
6537.0,0.0
6539.0,0.0
6541.0,0.0
6543.0,0.0
6545.0,0.0
6547.0,0.0
6549.0,0.0
6551.0,0.0
6553.0,0.0
6555.0,0.0
6557.0,0.0
6559.0,0.0
6561.0,0.0
6563.0,0.0
6565.0,0.0
6567.0,0.0
6569.0,0.0
6571.0,0.0
6573.0,0.0
6575.0,0.0
6577.0,0.0
6579.0,0.0
6581.0,0.0
6583.0,0.0
6585.0,0.0
6587.0,0.0
6589.0,0.0
6591.0,0.0
6593.0,0.0
6595.0,0.0
6597.0,0.0
6599.0,0.0
6601.0,0.0
6603.0,0.0
6605.0,0.0
6607.0,0.0
6609.0,0.0
6611.0,0.0
6613.0,0.0
6615.0,0.0
6617.0,0.0
6619.0,0.0
6621.0,0.0
6623.0,0.0
6625.0,0.0
6627.0,0.0
6629.0,0.0
6631.0,0.0
6633.0,0.0
6635.0,0.0
6637.0,0.0
6639.0,0.0
6641.0,0.0
6643.0,0.0
6645.0,0.0
6647.0,0.0
6649.0,0.0
6651.0,0.0
6653.0,0.0
6655.0,0.0
6657.0,0.0
6659.0,0.0
6661.0,0.0
6663.0,0.0
6665.0,0.0
6667.0,0.0
6669.0,0.0
6671.0,0.0
6673.0,0.0
6675.0,0.0
6677.0,0.0
6679.0,0.0
6681.0,0.0
6683.0,0.0
6685.0,0.0
6687.0,0.0
6689.0,0.0
6691.0,0.0
6693.0,0.0
6695.0,0.0
6697.0,0.0
6699.0,0.0
6701.0,0.0
6703.0,0.0
6705.0,0.0
6707.0,0.0
6709.0,0.0
6711.0,0.0
6713.0,0.0
6715.0,0.0
6717.0,0.0
6719.0,0.0
6721.0,0.0
6723.0,0.0
6725.0,0.0
6727.0,0.0
6729.0,0.0
6731.0,0.0
6733.0,0.0
6735.0,0.0
6737.0,0.0
6739.0,0.0
6741.0,0.0
6743.0,0.0
6745.0,0.0
6747.0,0.0
6749.0,0.0
6751.0,0.0
6753.0,0.0
6755.0,0.0
6757.0,0.0
6759.0,0.0
6761.0,0.0
6763.0,0.0
6765.0,0.0
6767.0,0.0
6769.0,0.0
6771.0,0.0
6773.0,0.0
6775.0,0.0
6777.0,0.0
6779.0,0.0
6781.0,0.0
6783.0,0.0
6785.0,0.0
6787.0,0.0
6789.0,0.0
6791.0,0.0
6793.0,0.0
6795.0,0.0
6797.0,0.0
6799.0,0.0
6801.0,0.0
6803.0,0.0
6805.0,0.0
6807.0,0.0
6809.0,0.0
6811.0,0.0
6813.0,0.0
6815.0,0.0
6817.0,0.0
6819.0,0.0
6821.0,0.0
6823.0,0.0
6825.0,0.0
6827.0,0.0
6829.0,0.0
6831.0,0.0
6833.0,0.0
6835.0,0.0
6837.0,0.0
6839.0,0.0
6841.0,0.0
6843.0,0.0
6845.0,0.0
6847.0,0.0
6849.0,0.0
6851.0,0.0
6853.0,0.0
6855.0,0.0
6857.0,0.0
6859.0,0.0
6861.0,0.0
6863.0,0.0
6865.0,0.0
6867.0,0.0
6869.0,0.0
6871.0,0.0
6873.0,0.0
6875.0,0.0
6877.0,0.0
6879.0,0.0
6881.0,0.0
6883.0,0.0
6885.0,0.0
6887.0,0.0
6889.0,0.0
6891.0,0.0
6893.0,0.0
6895.0,0.0
6897.0,0.0
6899.0,0.0
6901.0,0.0
6903.0,0.0
6905.0,0.0
6907.0,0.0
6909.0,0.0
6911.0,0.0
6913.0,0.0
6915.0,0.0
6917.0,0.0
6919.0,0.0
6921.0,0.0
6923.0,0.0
6925.0,0.0
6927.0,0.0
6929.0,0.0
6931.0,0.0
6933.0,0.0
6935.0,0.0
6937.0,0.0
6939.0,0.0
6941.0,0.0
6943.0,0.0
6945.0,0.0
6947.0,0.0
6949.0,0.0
6951.0,0.0
6953.0,0.0
6955.0,0.0
6957.0,0.0
6959.0,0.0
6961.0,0.0
6963.0,0.0
6965.0,0.0
6967.0,0.0
6969.0,0.0
6971.0,0.0
6973.0,0.0
6975.0,0.0
6977.0,0.0
6979.0,0.0
6981.0,0.0
6983.0,0.0
6985.0,0.0
6987.0,0.0
6989.0,0.0
6991.0,0.0
6993.0,0.0
6995.0,0.0
6997.0,0.0
6999.0,0.0
7001.0,0.0
7003.0,0.0
7005.0,0.0
7007.0,0.0
7009.0,0.0
7011.0,0.0
7013.0,0.0
7015.0,0.0
7017.0,0.0
7019.0,0.0
7021.0,0.0
7023.0,0.0
7025.0,0.0
7027.0,0.0
7029.0,0.0
7031.0,0.0
7033.0,0.0
7035.0,0.0
7037.0,0.0
7039.0,0.0
7041.0,0.0
7043.0,0.0
7045.0,0.0
7047.0,0.0
7049.0,0.0
7051.0,0.0
7053.0,0.0
7055.0,0.0
7057.0,0.0
7059.0,0.0
7061.0,0.0
7063.0,0.0
7065.0,0.0
7067.0,0.0
7069.0,0.0
7071.0,0.0
7073.0,0.0
7075.0,0.0
7077.0,0.0
7079.0,0.0
7081.0,0.0
7083.0,0.0
7085.0,0.0
7087.0,0.0
7089.0,0.0
7091.0,0.0
7093.0,0.0
7095.0,0.0
7097.0,0.0
7099.0,0.0
7101.0,0.0
7103.0,0.0
7105.0,0.0
7107.0,0.0
7109.0,0.0
7111.0,0.0
7113.0,0.0
7115.0,0.0
7117.0,0.0
7119.0,0.0
7121.0,0.0
7123.0,0.0
7125.0,0.0
7127.0,0.0
7129.0,0.0
7131.0,0.0
7133.0,0.0
7135.0,0.0
7137.0,0.0
7139.0,0.0
7141.0,0.0
7143.0,0.0
7145.0,0.0
7147.0,0.0
7149.0,0.0
7151.0,0.0
7153.0,0.0
7155.0,0.0
7157.0,0.0
7159.0,0.0
7161.0,0.0
7163.0,0.0
7165.0,0.0
7167.0,0.0
7169.0,0.0
7171.0,0.0
7173.0,0.0
7175.0,0.0
7177.0,0.0
7179.0,0.0
7181.0,0.0
7183.0,0.0
7185.0,0.0
7187.0,0.0
7189.0,0.0
7191.0,0.0
7193.0,0.0
7195.0,0.0
7197.0,0.0
7199.0,0.0
7201.0,0.0
7203.0,0.0
7205.0,0.0
7207.0,0.0
7209.0,0.0
7211.0,0.0
7213.0,0.0
7215.0,0.0
7217.0,0.0
7219.0,0.0
7221.0,0.0
7223.0,0.0
7225.0,0.0
7227.0,0.0
7229.0,0.0
7231.0,0.0
7233.0,0.0
7235.0,0.0
7237.0,0.0
7239.0,0.0
7241.0,0.0
7243.0,0.0
7245.0,0.0
7247.0,0.0
7249.0,0.0
7251.0,0.0
7253.0,0.0
7255.0,0.0
7257.0,0.0
7259.0,0.0
7261.0,0.0
7263.0,0.0
7265.0,0.0
7267.0,0.0
7269.0,0.0
7271.0,0.0
7273.0,0.0
7275.0,0.0
7277.0,0.0
7279.0,0.0
7281.0,0.0
7283.0,0.0
7285.0,0.0
7287.0,0.0
7289.0,0.0
7291.0,0.0
7293.0,0.0
7295.0,0.0
7297.0,0.0
7299.0,0.0
7301.0,0.0
7303.0,0.0
7305.0,0.0
7307.0,0.0
7309.0,0.0
7311.0,0.0
7313.0,0.0
7315.0,0.0
7317.0,0.0
7319.0,0.0
7321.0,0.0
7323.0,0.0
7325.0,0.0
7327.0,0.0
7329.0,0.0
7331.0,0.0
7333.0,0.0
7335.0,0.0
7337.0,9.999999747378752e-05
7339.0,0.0
7341.0,0.0
7343.0,0.0
7345.0,0.0
7347.0,0.0
7349.0,0.0
7351.0,0.0
7353.0,0.0
7355.0,0.0
7357.0,0.0
7359.0,0.0
7361.0,0.0
7363.0,0.0
7365.0,0.0
7367.0,0.0
7369.0,0.0
7371.0,0.0
7373.0,0.0
7375.0,0.0
7377.0,0.0
7379.0,0.0
7381.0,0.0
7383.0,0.0
7385.0,0.0
7387.0,0.0
7389.0,0.0
7391.0,0.0
7393.0,0.0
7395.0,0.0
7397.0,0.0
7399.0,0.0
7401.0,0.0
7403.0,0.0
7405.0,0.0
7407.0,0.0
7409.0,0.0
7411.0,9.999999747378752e-05
7413.0,0.0
7415.0,0.0
7417.0,0.0
7419.0,0.0
7421.0,0.0
7423.0,0.0
7425.0,0.0
7427.0,0.0
7429.0,0.0
7431.0,0.0
7433.0,0.0
7435.0,0.0
7437.0,0.0
7439.0,0.0
7441.0,0.0
7443.0,0.0
7445.0,0.0
7447.0,0.0
7449.0,0.0
7451.0,0.0
7453.0,0.0
7455.0,0.0
7457.0,0.0
7459.0,0.0
7461.0,0.0
7463.0,0.0
7465.0,0.0
7467.0,0.0
7469.0,0.0
7471.0,0.0
7473.0,0.0
7475.0,0.0
7477.0,0.0
7479.0,0.0
7481.0,0.0
7483.0,0.0
7485.0,0.0
7487.0,0.0
7489.0,0.0
7491.0,0.0
7493.0,0.0
7495.0,0.0
7497.0,0.0
7499.0,0.0
7501.0,0.0
7503.0,0.0
7505.0,0.0
7507.0,0.0
7509.0,0.0
7511.0,0.0
7513.0,0.0
7515.0,0.0
7517.0,0.0
7519.0,0.0
7521.0,0.0
7523.0,0.0
7525.0,0.0
7527.0,0.0
7529.0,0.0
7531.0,0.0
7533.0,0.0
7535.0,0.0
7537.0,0.0
7539.0,0.0
7541.0,0.0
7543.0,0.0
7545.0,0.0
7547.0,0.0
7549.0,0.0
7551.0,0.0
7553.0,0.0
7555.0,0.0
7557.0,0.0
7559.0,0.0
7561.0,0.0
7563.0,0.0
7565.0,0.0
7567.0,0.0
7569.0,0.0
7571.0,9.999999747378752e-05
7573.0,0.0
7575.0,0.0
7577.0,0.0
7579.0,0.0
7581.0,0.0
7583.0,0.0
7585.0,0.0
7587.0,0.0
7589.0,0.0
7591.0,0.0
7593.0,0.0
7595.0,0.0
7597.0,0.0
7599.0,0.0
7601.0,0.0
7603.0,0.0
7605.0,0.0
7607.0,0.0
7609.0,0.0
7611.0,0.0
7613.0,0.0
7615.0,0.0
7617.0,0.0
7619.0,0.0
7621.0,0.0
7623.0,0.0
7625.0,0.0
7627.0,0.0
7629.0,0.0
7631.0,0.0
7633.0,0.0
7635.0,0.0
7637.0,0.0
7639.0,0.0
7641.0,0.0
7643.0,0.0
7645.0,0.0
7647.0,0.0
7649.0,0.0
7651.0,0.0
7653.0,0.0
7655.0,0.0
7657.0,0.0
7659.0,0.0
7661.0,0.0
7663.0,0.0
7665.0,0.0
7667.0,0.0
7669.0,0.0
7671.0,0.0
7673.0,0.0
7675.0,0.0
7677.0,0.0
7679.0,0.0
7681.0,0.0
7683.0,0.0
7685.0,0.0
7687.0,0.0
7689.0,0.0
7691.0,0.0
7693.0,0.0
7695.0,0.0
7697.0,0.0
7699.0,0.0
7701.0,0.0
7703.0,0.0
7705.0,0.0
7707.0,0.0
7709.0,0.0
7711.0,0.0
7713.0,0.0
7715.0,0.0
7717.0,0.0
7719.0,0.0
7721.0,0.0
7723.0,0.0
7725.0,0.0
7727.0,0.0
7729.0,0.0
7731.0,0.0
7733.0,0.0
7735.0,0.0
7737.0,0.0
7739.0,0.0
7741.0,0.0
7743.0,0.0
7745.0,0.0
7747.0,0.0
7749.0,0.0
7751.0,0.0
7753.0,0.0
7755.0,0.0
7757.0,0.0
7759.0,0.0
7761.0,0.0
7763.0,0.0
7765.0,0.0
7767.0,0.0
7769.0,0.0
7771.0,0.0
7773.0,0.0
7775.0,0.0
7777.0,0.0
7779.0,0.0
7781.0,0.0
7783.0,0.0
7785.0,0.0
7787.0,0.0
7789.0,0.0
7791.0,0.0
7793.0,0.0
7795.0,0.0
7797.0,0.0
7799.0,0.0
7801.0,0.0
7803.0,0.0
7805.0,0.0
7807.0,0.0
7809.0,0.0
7811.0,0.0
7813.0,0.0
7815.0,0.0
7817.0,0.0
7819.0,0.0
7821.0,0.0
7823.0,0.0
7825.0,0.0
7827.0,0.0
7829.0,0.0
7831.0,0.0
7833.0,0.0
7835.0,0.0
7837.0,0.0
7839.0,0.0
7841.0,0.0
7843.0,0.0
7845.0,0.0
7847.0,0.0
7849.0,0.0
7851.0,0.0
7853.0,0.0
7855.0,0.0
7857.0,0.0
7859.0,0.0
7861.0,0.0
7863.0,0.0
7865.0,0.0
7867.0,0.0
7869.0,0.0
7871.0,0.0
7873.0,0.0
7875.0,0.0
7877.0,0.0
7879.0,0.0
7881.0,0.0
7883.0,0.0
7885.0,0.0
7887.0,0.0
7889.0,0.0
7891.0,0.0
7893.0,0.0
7895.0,0.0
7897.0,0.0
7899.0,0.0
7901.0,0.0
7903.0,0.0
7905.0,0.0
7907.0,0.0
7909.0,0.0
7911.0,0.0
7913.0,0.0
7915.0,0.0
7917.0,0.0
7919.0,0.0
7921.0,0.0
7923.0,0.0
7925.0,0.0
7927.0,0.0
7929.0,0.0
7931.0,0.0
7933.0,0.0
7935.0,0.0
7937.0,0.0
7939.0,0.0
7941.0,0.0
7943.0,0.0
7945.0,0.0
7947.0,0.0
7949.0,0.0
7951.0,0.0
7953.0,0.0
7955.0,0.0
7957.0,0.0
7959.0,0.0
7961.0,0.0
7963.0,0.0
7965.0,0.0
7967.0,0.0
7969.0,0.0
7971.0,0.0
7973.0,0.0
7975.0,0.0
7977.0,0.0
7979.0,0.0
7981.0,0.0
7983.0,0.0
7985.0,0.0
7987.0,0.0
7989.0,0.0
7991.0,0.0
7993.0,0.0
7995.0,0.0
7997.0,0.0
7999.0,0.0
8001.0,0.0
8003.0,0.0
8005.0,0.0
8007.0,0.0
8009.0,0.0
8011.0,0.0
8013.0,0.0
8015.0,0.0
8017.0,0.0
8019.0,0.0
8021.0,0.0
8023.0,0.0
8025.0,0.0
8027.0,0.0
8029.0,0.0
8031.0,0.0
8033.0,0.0
8035.0,0.0
8037.0,0.0
8039.0,0.0
8041.0,0.0
8043.0,0.0
8045.0,0.0
8047.0,0.0
8049.0,0.0
8051.0,0.0
8053.0,0.0
8055.0,0.0
8057.0,0.0
8059.0,0.0
8061.0,0.0
8063.0,0.0
8065.0,0.0
8067.0,0.0
8069.0,0.0
8071.0,0.0
8073.0,0.0
8075.0,0.0
8077.0,0.0
8079.0,0.0
8081.0,0.0
8083.0,0.0
8085.0,0.0
8087.0,0.0
8089.0,0.0
8091.0,0.0
8093.0,0.0
8095.0,0.0
8097.0,0.0
8099.0,0.0
8101.0,0.0
8103.0,0.0
8105.0,0.0
8107.0,0.0
8109.0,0.0
8111.0,0.0
8113.0,0.0
8115.0,0.0
8117.0,0.0
8119.0,0.0
8121.0,0.0
8123.0,0.0
8125.0,0.0
8127.0,0.0
8129.0,0.0
8131.0,0.0
8133.0,0.0
8135.0,0.0
8137.0,0.0
8139.0,0.0
8141.0,0.0
8143.0,0.0
8145.0,0.0
8147.0,0.0
8149.0,0.0
8151.0,0.0
8153.0,0.0
8155.0,0.0
8157.0,0.0
8159.0,0.0
8161.0,0.0
8163.0,0.0
8165.0,0.0
8167.0,0.0
8169.0,0.0
8171.0,0.0
8173.0,0.0
8175.0,0.0
8177.0,0.0
8179.0,0.0
8181.0,0.0
8183.0,0.0
8185.0,0.0
8187.0,0.0
8189.0,0.0
8191.0,0.0
8193.0,0.0
8195.0,0.0
8197.0,0.0
8199.0,0.0
8201.0,0.0
8203.0,0.0
8205.0,0.0
8207.0,0.0
8209.0,0.0
8211.0,0.0
8213.0,0.0
8215.0,0.0
8217.0,0.0
8219.0,0.0
8221.0,0.0
8223.0,0.0
8225.0,0.0
8227.0,0.0
8229.0,0.0
8231.0,0.0
8233.0,0.0
8235.0,0.0
8237.0,0.0
8239.0,0.0
8241.0,0.0
8243.0,0.0
8245.0,0.0
8247.0,0.0
8249.0,0.0
8251.0,0.0
8253.0,0.0
8255.0,0.0
8257.0,0.0
8259.0,0.0
8261.0,0.0
8263.0,0.0
8265.0,0.0
8267.0,0.0
8269.0,0.0
8271.0,0.0
8273.0,0.0
8275.0,0.0
8277.0,0.0
8279.0,0.0
8281.0,0.0
8283.0,0.0
8285.0,0.0
8287.0,0.0
8289.0,0.0
8291.0,0.0
8293.0,0.0
8295.0,0.0
8297.0,0.0
8299.0,0.0
8301.0,0.0
8303.0,0.0
8305.0,0.0
8307.0,0.0
8309.0,0.0
8311.0,0.0
8313.0,0.0
8315.0,0.0
8317.0,0.0
8319.0,0.0
8321.0,0.0
8323.0,0.0
8325.0,0.0
8327.0,0.0
8329.0,0.0
8331.0,0.0
8333.0,0.0
8335.0,0.0
8337.0,0.0
8339.0,0.0
8341.0,0.0
8343.0,0.0
8345.0,0.0
8347.0,0.0
8349.0,0.0
8351.0,0.0
8353.0,0.0
8355.0,0.0
8357.0,0.0
8359.0,0.0
8361.0,0.0
8363.0,0.0
8365.0,0.0
8367.0,0.0
8369.0,0.0
8371.0,0.0
8373.0,0.0
8375.0,0.0
8377.0,0.0
8379.0,0.0
8381.0,0.0
8383.0,0.0
8385.0,9.999999747378752e-05
8387.0,0.0
8389.0,0.0
8391.0,0.0
8393.0,0.0
8395.0,0.0
8397.0,0.0
8399.0,0.0
8401.0,0.0
8403.0,0.0
8405.0,0.0
8407.0,0.0
8409.0,0.0
8411.0,0.0
8413.0,0.0
8415.0,0.0
8417.0,0.0
8419.0,0.0
8421.0,0.0
8423.0,0.0
8425.0,0.0
8427.0,0.0
8429.0,0.0
8431.0,0.0
8433.0,0.0
8435.0,0.0
8437.0,0.0
8439.0,0.0
8441.0,0.0
8443.0,0.0
8445.0,0.0
8447.0,0.0
8449.0,0.0
8451.0,0.0
8453.0,0.0
8455.0,0.0
8457.0,0.0
8459.0,0.0
8461.0,0.0
8463.0,0.0
8465.0,0.0
8467.0,0.0
8469.0,0.0
8471.0,0.0
8473.0,0.0
8475.0,0.0
8477.0,0.0
8479.0,0.0
8481.0,0.0
8483.0,0.0
8485.0,0.0
8487.0,0.0
8489.0,0.0
8491.0,0.0
8493.0,0.0
8495.0,0.0
8497.0,0.0
8499.0,0.0
8501.0,0.0
8503.0,0.0
8505.0,0.0
8507.0,0.0
8509.0,0.0
8511.0,0.0
8513.0,0.0
8515.0,0.0
8517.0,0.0
8519.0,0.0
8521.0,0.0
8523.0,0.0
8525.0,0.0
8527.0,0.0
8529.0,0.0
8531.0,0.0
8533.0,0.0
8535.0,0.0
8537.0,0.0
8539.0,0.0
8541.0,0.0
8543.0,0.0
8545.0,0.0
8547.0,0.0
8549.0,0.0
8551.0,0.0
8553.0,0.0
8555.0,0.0
8557.0,0.0
8559.0,0.0
8561.0,0.0
8563.0,0.0
8565.0,0.0
8567.0,0.0
8569.0,0.0
8571.0,0.0
8573.0,0.0
8575.0,0.0
8577.0,0.0
8579.0,0.0
8581.0,0.0
8583.0,0.0
8585.0,0.0
8587.0,0.0
8589.0,0.0
8591.0,0.0
8593.0,0.0
8595.0,0.0
8597.0,0.0
8599.0,0.0
8601.0,0.0
8603.0,0.0
8605.0,0.0
8607.0,0.0
8609.0,0.0
8611.0,0.0
8613.0,0.0
8615.0,0.0
8617.0,0.0
8619.0,0.0
8621.0,0.0
8623.0,0.0
8625.0,0.0
8627.0,0.0
8629.0,0.0
8631.0,0.0
8633.0,0.0
8635.0,0.0
8637.0,0.0
8639.0,0.0
8641.0,0.0
8643.0,0.0
8645.0,0.0
8647.0,0.0
8649.0,0.0
8651.0,0.0
8653.0,0.0
8655.0,0.0
8657.0,0.0
8659.0,0.0
8661.0,0.0
8663.0,0.0
8665.0,0.0
8667.0,0.0
8669.0,0.0
8671.0,0.0
8673.0,0.0
8675.0,0.0
8677.0,0.0
8679.0,0.0
8681.0,0.0
8683.0,0.0
8685.0,0.0
8687.0,0.0
8689.0,0.0
8691.0,0.0
8693.0,0.0
8695.0,0.0
8697.0,0.0
8699.0,0.0
8701.0,0.0
8703.0,0.0
8705.0,0.0
8707.0,0.0
8709.0,0.0
8711.0,0.0
8713.0,0.0
8715.0,0.0
8717.0,0.0
8719.0,0.0
8721.0,0.0
8723.0,0.0
8725.0,0.0
8727.0,0.0
8729.0,0.0
8731.0,0.0
8733.0,0.0
8735.0,0.0
8737.0,0.0
8739.0,0.0
8741.0,0.0
8743.0,0.0
8745.0,0.0
8747.0,0.0
8749.0,0.0
8751.0,0.0
8753.0,0.0
8755.0,0.0
8757.0,0.0
8759.0,0.0
8761.0,0.0
8763.0,0.0
8765.0,0.0
8767.0,0.0
8769.0,0.0
8771.0,0.0
8773.0,0.0
8775.0,0.0
8777.0,0.0
8779.0,0.0
8781.0,0.0
8783.0,0.0
8785.0,0.0
8787.0,0.0
8789.0,0.0
8791.0,0.0
8793.0,0.0
8795.0,0.0
8797.0,0.0
8799.0,0.0
8801.0,0.0
8803.0,0.0
8805.0,0.0
8807.0,0.0
8809.0,0.0
8811.0,0.0
8813.0,0.0
8815.0,0.0
8817.0,0.0
8819.0,0.0
8821.0,0.0
8823.0,0.0
8825.0,0.0
8827.0,0.0
8829.0,0.0
8831.0,0.0
8833.0,0.0
8835.0,0.0
8837.0,0.0
8839.0,0.0
8841.0,0.0
8843.0,0.0
8845.0,0.0
8847.0,0.0
8849.0,0.0
8851.0,0.0
8853.0,0.0
8855.0,0.0
8857.0,0.0
8859.0,0.0
8861.0,0.0
8863.0,0.0
8865.0,0.0
8867.0,0.0
8869.0,0.0
8871.0,0.0
8873.0,0.0
8875.0,0.0
8877.0,0.0
8879.0,0.0
8881.0,0.0
8883.0,0.0
8885.0,0.0
8887.0,0.0
8889.0,0.0
8891.0,0.0
8893.0,0.0
8895.0,0.0
8897.0,0.0
8899.0,0.0
8901.0,0.0
8903.0,0.0
8905.0,0.0
8907.0,0.0
8909.0,0.0
8911.0,0.0
8913.0,0.0
8915.0,0.0
8917.0,0.0
8919.0,0.0
8921.0,0.0
8923.0,0.0
8925.0,0.0
8927.0,0.0
8929.0,0.0
8931.0,0.0
8933.0,0.0
8935.0,0.0
8937.0,0.0
8939.0,0.0
8941.0,0.0
8943.0,0.0
8945.0,0.0
8947.0,0.0
8949.0,0.0
8951.0,0.0
8953.0,0.0
8955.0,0.0
8957.0,0.0
8959.0,0.0
8961.0,0.0
8963.0,0.0
8965.0,0.0
8967.0,0.0
8969.0,0.0
8971.0,0.0
8973.0,0.0
8975.0,0.0
8977.0,0.0
8979.0,0.0
8981.0,0.0
8983.0,0.0
8985.0,0.0
8987.0,0.0
8989.0,0.0
8991.0,0.0
8993.0,0.0
8995.0,0.0
8997.0,0.0
8999.0,0.0
9001.0,0.0
9003.0,0.0
9005.0,0.0
9007.0,0.0
9009.0,0.0
9011.0,0.0
9013.0,0.0
9015.0,0.0
9017.0,0.0
9019.0,0.0
9021.0,0.0
9023.0,0.0
9025.0,0.0
9027.0,0.0
9029.0,0.0
9031.0,0.0
9033.0,0.0
9035.0,0.0
9037.0,0.0
9039.0,0.0
9041.0,0.0
9043.0,0.0
9045.0,0.0
9047.0,0.0
9049.0,0.0
9051.0,0.0
9053.0,0.0
9055.0,0.0
9057.0,0.0
9059.0,0.0
9061.0,0.0
9063.0,0.0
9065.0,0.0
9067.0,0.0
9069.0,0.0
9071.0,0.0
9073.0,0.0
9075.0,0.0
9077.0,0.0
9079.0,0.0
9081.0,0.0
9083.0,0.0
9085.0,0.0
9087.0,0.0
9089.0,0.0
9091.0,0.0
9093.0,0.0
9095.0,0.0
9097.0,0.0
9099.0,0.0
9101.0,0.0
9103.0,0.0
9105.0,0.0
9107.0,0.0
9109.0,0.0
9111.0,0.0
9113.0,0.0
9115.0,0.0
9117.0,0.0
9119.0,0.0
9121.0,0.0
9123.0,0.0
9125.0,0.0
9127.0,0.0
9129.0,0.0
9131.0,0.0
9133.0,0.0
9135.0,0.0
9137.0,0.0
9139.0,0.0
9141.0,0.0
9143.0,0.0
9145.0,0.0
9147.0,0.0
9149.0,0.0
9151.0,0.0
9153.0,0.0
9155.0,0.0
9157.0,0.0
9159.0,0.0
9161.0,0.0
9163.0,0.0
9165.0,0.0
9167.0,0.0
9169.0,0.0
9171.0,0.0
9173.0,0.0
9175.0,0.0
9177.0,0.0
9179.0,0.0
9181.0,0.0
9183.0,0.0
9185.0,0.0
9187.0,0.0
9189.0,0.0
9191.0,0.0
9193.0,0.0
9195.0,0.0
9197.0,0.0
9199.0,0.0
9201.0,0.0
9203.0,0.0
9205.0,0.0
9207.0,0.0
9209.0,0.0
9211.0,0.0
9213.0,0.0
9215.0,0.0
9217.0,0.0
9219.0,0.0
9221.0,0.0
9223.0,0.0
9225.0,0.0
9227.0,0.0
9229.0,0.0
9231.0,0.0
9233.0,0.0
9235.0,0.0
9237.0,0.0
9239.0,0.0
9241.0,0.0
9243.0,0.0
9245.0,0.0
9247.0,0.0
9249.0,0.0
9251.0,0.0
9253.0,0.0
9255.0,0.0
9257.0,0.0
9259.0,0.0
9261.0,0.0
9263.0,0.0
9265.0,0.0
9267.0,0.0
9269.0,0.0
9271.0,0.0
9273.0,0.0
9275.0,0.0
9277.0,0.0
9279.0,0.0
9281.0,0.0
9283.0,0.0
9285.0,0.0
9287.0,0.0
9289.0,0.0
9291.0,0.0
9293.0,0.0
9295.0,0.0
9297.0,0.0
9299.0,0.0
9301.0,0.0
9303.0,0.0
9305.0,0.0
9307.0,0.0
9309.0,0.0
9311.0,0.0
9313.0,0.0
9315.0,0.0
9317.0,0.0
9319.0,0.0
9321.0,0.0
9323.0,0.0
9325.0,0.0
9327.0,0.0
9329.0,0.0
9331.0,0.0
9333.0,0.0
9335.0,0.0
9337.0,0.0
9339.0,0.0
9341.0,0.0
9343.0,0.0
9345.0,0.0
9347.0,0.0
9349.0,0.0
9351.0,0.0
9353.0,0.0
9355.0,0.0
9357.0,0.0
9359.0,0.0
9361.0,0.0
9363.0,0.0
9365.0,0.0
9367.0,0.0
9369.0,0.0
9371.0,0.0
9373.0,0.0
9375.0,0.0
9377.0,0.0
9379.0,0.0
9381.0,0.0
9383.0,0.0
9385.0,0.0
9387.0,0.0
9389.0,0.0
9391.0,0.0
9393.0,0.0
9395.0,0.0
9397.0,0.0
9399.0,0.0
9401.0,0.0
9403.0,0.0
9405.0,0.0
9407.0,0.0
9409.0,0.0
9411.0,0.0
9413.0,0.0
9415.0,0.0
9417.0,0.0
9419.0,0.0
9421.0,0.0
9423.0,0.0
9425.0,0.0
9427.0,0.0
9429.0,0.0
9431.0,0.0
9433.0,0.0
9435.0,0.0
9437.0,0.0
9439.0,0.0
9441.0,0.0
9443.0,0.0
9445.0,0.0
9447.0,0.0
9449.0,0.0
9451.0,0.0
9453.0,0.0
9455.0,0.0
9457.0,0.0
9459.0,0.0
9461.0,0.0
9463.0,0.0
9465.0,0.0
9467.0,0.0
9469.0,0.0
9471.0,0.0
9473.0,0.0
9475.0,0.0
9477.0,0.0
9479.0,0.0
9481.0,0.0
9483.0,0.0
9485.0,0.0
9487.0,0.0
9489.0,0.0
9491.0,0.0
9493.0,0.0
9495.0,0.0
9497.0,0.0
9499.0,0.0
9501.0,0.0
9503.0,0.0
9505.0,0.0
9507.0,0.0
9509.0,0.0
9511.0,0.0
9513.0,0.0
9515.0,0.0
9517.0,0.0
9519.0,0.0
9521.0,0.0
9523.0,0.0
9525.0,0.0
9527.0,0.0
9529.0,0.0
9531.0,0.0
9533.0,0.0
9535.0,0.0
9537.0,0.0
9539.0,0.0
9541.0,0.0
9543.0,0.0
9545.0,0.0
9547.0,0.0
9549.0,0.0
9551.0,0.0
9553.0,0.0
9555.0,0.0
9557.0,0.0
9559.0,0.0
9561.0,0.0
9563.0,0.0
9565.0,0.0
9567.0,0.0
9569.0,0.0
9571.0,0.0
9573.0,0.0
9575.0,0.0
9577.0,0.0
9579.0,0.0
9581.0,0.0
9583.0,0.0
9585.0,0.0
9587.0,0.0
9589.0,0.0
9591.0,0.0
9593.0,0.0
9595.0,0.0
9597.0,0.0
9599.0,0.0
9601.0,0.0
9603.0,0.0
9605.0,0.0
9607.0,0.0
9609.0,0.0
9611.0,0.0
9613.0,0.0
9615.0,0.0
9617.0,0.0
9619.0,0.0
9621.0,0.0
9623.0,0.0
9625.0,0.0
9627.0,0.0
9629.0,0.0
9631.0,0.0
9633.0,0.0
9635.0,0.0
9637.0,0.0
9639.0,0.0
9641.0,0.0
9643.0,0.0
9645.0,0.0
9647.0,0.0
9649.0,0.0
9651.0,0.0
9653.0,0.0
9655.0,0.0
9657.0,0.0
9659.0,0.0
9661.0,0.0
9663.0,0.0
9665.0,0.0
9667.0,0.0
9669.0,0.0
9671.0,0.0
9673.0,0.0
9675.0,0.0
9677.0,0.0
9679.0,0.0
9681.0,0.0
9683.0,0.0
9685.0,0.0
9687.0,0.0
9689.0,0.0
9691.0,0.0
9693.0,0.0
9695.0,0.0
9697.0,0.0
9699.0,0.0
9701.0,0.0
9703.0,0.0
9705.0,0.0
9707.0,0.0
9709.0,0.0
9711.0,0.0
9713.0,0.0
9715.0,0.0
9717.0,0.0
9719.0,0.0
9721.0,0.0
9723.0,0.0
9725.0,0.0
9727.0,0.0
9729.0,0.0
9731.0,0.0
9733.0,0.0
9735.0,0.0
9737.0,0.0
9739.0,0.0
9741.0,0.0
9743.0,0.0
9745.0,0.0
9747.0,0.0
9749.0,0.0
9751.0,0.0
9753.0,0.0
9755.0,0.0
9757.0,0.0
9759.0,0.0
9761.0,0.0
9763.0,0.0
9765.0,0.0
9767.0,0.0
9769.0,0.0
9771.0,0.0
9773.0,0.0
9775.0,0.0
9777.0,0.0
9779.0,0.0
9781.0,0.0
9783.0,0.0
9785.0,0.0
9787.0,0.0
9789.0,0.0
9791.0,0.0
9793.0,0.0
9795.0,0.0
9797.0,0.0
9799.0,0.0
9801.0,0.0
9803.0,0.0
9805.0,0.0
9807.0,0.0
9809.0,0.0
9811.0,0.0
9813.0,0.0
9815.0,0.0
9817.0,0.0
9819.0,0.0
9821.0,0.0
9823.0,0.0
9825.0,0.0
9827.0,0.0
9829.0,0.0
9831.0,0.0
9833.0,0.0
9835.0,0.0
9837.0,0.0
9839.0,0.0
9841.0,0.0
9843.0,0.0
9845.0,0.0
9847.0,0.0
9849.0,0.0
9851.0,0.0
9853.0,0.0
9855.0,0.0
9857.0,0.0
9859.0,0.0
9861.0,0.0
9863.0,0.0
9865.0,0.0
9867.0,0.0
9869.0,0.0
9871.0,0.0
9873.0,0.0
9875.0,0.0
9877.0,0.0
9879.0,0.0
9881.0,0.0
9883.0,0.0
9885.0,0.0
9887.0,0.0
9889.0,0.0
9891.0,0.0
9893.0,0.0
9895.0,0.0
9897.0,0.0
9899.0,0.0
9901.0,0.0
9903.0,0.0
9905.0,0.0
9907.0,0.0
9909.0,0.0
9911.0,0.0
9913.0,0.0
9915.0,0.0
9917.0,0.0
9919.0,0.0
9921.0,0.0
9923.0,0.0
9925.0,0.0
9927.0,0.0
9929.0,0.0
9931.0,0.0
9933.0,0.0
9935.0,0.0
9937.0,0.0
9939.0,0.0
9941.0,0.0
9943.0,0.0
9945.0,0.0
9947.0,0.0
9949.0,0.0
9951.0,0.0
9953.0,0.0
9955.0,0.0
9957.0,0.0
9959.0,0.0
9961.0,0.0
9963.0,0.0
9965.0,0.0
9967.0,0.0
9969.0,0.0
9971.0,0.0
9973.0,0.0
9975.0,0.0
9977.0,0.0
9979.0,0.0
9981.0,0.0
9983.0,0.0
9985.0,0.0
9987.0,0.0
9989.0,0.0
9991.0,0.0
9993.0,0.0
9995.0,0.0
9997.0,0.0
9999.0,0.0
10001.0,0.0
10003.0,0.0
10005.0,0.0
10007.0,0.0
10009.0,0.0
10011.0,0.0
10013.0,0.0
10015.0,0.0
10017.0,0.0
10019.0,0.0
10021.0,0.0
10023.0,0.0
10025.0,0.0
10027.0,0.0
10029.0,0.0
10031.0,0.0
10033.0,0.0
10035.0,0.0
10037.0,0.0
10039.0,0.0
10041.0,0.0
10043.0,0.0
10045.0,0.0
10047.0,0.0
10049.0,0.0
10051.0,0.0
10053.0,0.0
10055.0,0.0
10057.0,0.0
10059.0,0.0
10061.0,0.0
10063.0,0.0
10065.0,0.0
10067.0,0.0
10069.0,0.0
10071.0,0.0
10073.0,0.0
10075.0,0.0
10077.0,0.0
10079.0,0.0
10081.0,0.0
10083.0,0.0
10085.0,0.0
10087.0,0.0
10089.0,0.0
10091.0,0.0
10093.0,0.0
10095.0,0.0
10097.0,0.0
10099.0,0.0
10101.0,0.0
10103.0,0.0
10105.0,0.0
10107.0,0.0
10109.0,0.0
10111.0,0.0
10113.0,0.0
10115.0,0.0
10117.0,0.0
10119.0,0.0
10121.0,0.0
10123.0,0.0
10125.0,0.0
10127.0,0.0
10129.0,0.0
10131.0,0.0
10133.0,0.0
10135.0,0.0
10137.0,0.0
10139.0,0.0
10141.0,0.0
10143.0,0.0
10145.0,0.0
10147.0,0.0
10149.0,0.0
10151.0,0.0
10153.0,0.0
10155.0,0.0
10157.0,0.0
10159.0,0.0
10161.0,0.0
10163.0,0.0
10165.0,0.0
10167.0,0.0
10169.0,0.0
10171.0,0.0
10173.0,0.0
10175.0,0.0
10177.0,0.0
10179.0,0.0
10181.0,0.0
10183.0,0.0
10185.0,0.0
10187.0,0.0
10189.0,0.0
10191.0,0.0
10193.0,0.0
10195.0,0.0
10197.0,0.0
10199.0,0.0
10201.0,0.0
10203.0,0.0
10205.0,0.0
10207.0,0.0
10209.0,0.0
10211.0,0.0
10213.0,0.0
10215.0,0.0
10217.0,0.0
10219.0,0.0
10221.0,0.0
10223.0,0.0
10225.0,0.0
10227.0,0.0
10229.0,0.0
10231.0,0.0
10233.0,0.0
10235.0,0.0
10237.0,0.0
10239.0,0.0
10241.0,0.0
10243.0,0.0
10245.0,0.0
10247.0,0.0
10249.0,0.0
10251.0,0.0
10253.0,0.0
10255.0,0.0
10257.0,0.0
10259.0,0.0
10261.0,0.0
10263.0,0.0
10265.0,0.0
10267.0,0.0
10269.0,0.0
10271.0,0.0
10273.0,0.0
10275.0,0.0
10277.0,0.0
10279.0,0.0
10281.0,0.0
10283.0,0.0
10285.0,0.0
10287.0,0.0
10289.0,0.0
10291.0,0.0
10293.0,0.0
10295.0,0.0
10297.0,0.0
10299.0,0.0
10301.0,0.0
10303.0,0.0
10305.0,0.0
10307.0,0.0
10309.0,0.0
10311.0,0.0
10313.0,0.0
10315.0,0.0
10317.0,0.0
10319.0,0.0
10321.0,0.0
10323.0,0.0
10325.0,0.0
10327.0,0.0
10329.0,0.0
10331.0,0.0
10333.0,0.0
10335.0,0.0
10337.0,0.0
10339.0,0.0
10341.0,0.0
10343.0,0.0
10345.0,0.0
10347.0,0.0
10349.0,0.0
10351.0,0.0
10353.0,0.0
10355.0,0.0
10357.0,0.0
10359.0,0.0
10361.0,0.0
10363.0,0.0
10365.0,0.0
10367.0,0.0
10369.0,0.0
10371.0,0.0
10373.0,0.0
10375.0,0.0
10377.0,0.0
10379.0,0.0
10381.0,0.0
10383.0,0.0
10385.0,0.0
10387.0,0.0
10389.0,0.0
10391.0,0.0
10393.0,0.0
10395.0,0.0
10397.0,0.0
10399.0,0.0
10401.0,0.0
10403.0,0.0
10405.0,0.0
10407.0,0.0
10409.0,0.0
10411.0,0.0
10413.0,0.0
10415.0,0.0
10417.0,0.0
10419.0,0.0
10421.0,0.0
10423.0,0.0
10425.0,0.0
10427.0,0.0
10429.0,0.0
10431.0,0.0
10433.0,0.0
10435.0,0.0
10437.0,0.0
10439.0,0.0
10441.0,0.0
10443.0,0.0
10445.0,0.0
10447.0,0.0
10449.0,0.0
10451.0,0.0
10453.0,0.0
10455.0,0.0
10457.0,0.0
10459.0,0.0
10461.0,0.0
10463.0,0.0
10465.0,0.0
10467.0,0.0
10469.0,0.0
10471.0,0.0
10473.0,0.0
10475.0,0.0
10477.0,0.0
10479.0,0.0
10481.0,0.0
10483.0,0.0
10485.0,0.0
10487.0,0.0
10489.0,0.0
10491.0,0.0
10493.0,0.0
10495.0,0.0
10497.0,0.0
10499.0,0.0
10501.0,0.0
10503.0,0.0
10505.0,0.0
10507.0,0.0
10509.0,0.0
10511.0,0.0
10513.0,0.0
10515.0,0.0
10517.0,0.0
10519.0,0.0
10521.0,0.0
10523.0,0.0
10525.0,0.0
10527.0,0.0
10529.0,0.0
10531.0,0.0
10533.0,0.0
10535.0,0.0
10537.0,0.0
10539.0,0.0
10541.0,0.0
10543.0,0.0
10545.0,0.0
10547.0,0.0
10549.0,0.0
10551.0,0.0
10553.0,0.0
10555.0,0.0
10557.0,0.0
10559.0,0.0
10561.0,0.0
10563.0,0.0
10565.0,0.0
10567.0,0.0
10569.0,0.0
10571.0,0.0
10573.0,0.0
10575.0,0.0
10577.0,0.0
10579.0,0.0
10581.0,0.0
10583.0,0.0
10585.0,0.0
10587.0,0.0
10589.0,0.0
10591.0,0.0
10593.0,0.0
10595.0,0.0
10597.0,0.0
10599.0,0.0
10601.0,0.0
10603.0,0.0
10605.0,0.0
10607.0,0.0
10609.0,0.0
10611.0,0.0
10613.0,0.0
10615.0,0.0
10617.0,0.0
10619.0,0.0
10621.0,0.0
10623.0,0.0
10625.0,0.0
10627.0,0.0
10629.0,0.0
10631.0,0.0
10633.0,0.0
10635.0,0.0
10637.0,0.0
10639.0,0.0
10641.0,0.0
10643.0,0.0
10645.0,0.0
10647.0,0.0
10649.0,0.0
10651.0,0.0
10653.0,0.0
10655.0,0.0
10657.0,0.0
10659.0,0.0
10661.0,0.0
10663.0,0.0
10665.0,0.0
10667.0,0.0
10669.0,0.0
10671.0,0.0
10673.0,0.0
10675.0,0.0
10677.0,0.0
10679.0,0.0
10681.0,0.0
10683.0,0.0
10685.0,0.0
10687.0,0.0
10689.0,0.0
10691.0,0.0
10693.0,0.0
10695.0,0.0
10697.0,0.0
10699.0,0.0
10701.0,0.0
10703.0,0.0
10705.0,0.0
10707.0,0.0
10709.0,0.0
10711.0,0.0
10713.0,0.0
10715.0,0.0
10717.0,0.0
10719.0,0.0
10721.0,0.0
10723.0,0.0
10725.0,0.0
10727.0,0.0
10729.0,0.0
10731.0,0.0
10733.0,0.0
10735.0,0.0
10737.0,0.0
10739.0,0.0
10741.0,0.0
10743.0,0.0
10745.0,0.0
10747.0,0.0
10749.0,0.0
10751.0,0.0
10753.0,0.0
10755.0,0.0
10757.0,0.0
10759.0,0.0
10761.0,0.0
10763.0,0.0
10765.0,0.0
10767.0,0.0
10769.0,0.0
10771.0,0.0
10773.0,0.0
10775.0,0.0
10777.0,0.0
10779.0,0.0
10781.0,0.0
10783.0,0.0
10785.0,0.0
10787.0,0.0
10789.0,0.0
10791.0,0.0
10793.0,0.0
10795.0,0.0
10797.0,0.0
10799.0,0.0
10801.0,0.0
10803.0,0.0
10805.0,0.0
10807.0,0.0
10809.0,0.0
10811.0,0.0
10813.0,0.0
10815.0,0.0
10817.0,0.0
10819.0,0.0
10821.0,0.0
10823.0,0.0
10825.0,0.0
10827.0,0.0
10829.0,0.0
10831.0,0.0
10833.0,0.0
10835.0,0.0
10837.0,0.0
10839.0,0.0
10841.0,0.0
10843.0,0.0
10845.0,0.0
10847.0,0.0
10849.0,0.0
10851.0,0.0
10853.0,0.0
10855.0,0.0
10857.0,0.0
10859.0,0.0
10861.0,0.0
10863.0,0.0
10865.0,0.0
10867.0,0.0
10869.0,0.0
10871.0,0.0
10873.0,0.0
10875.0,0.0
10877.0,0.0
10879.0,0.0
10881.0,0.0
10883.0,0.0
10885.0,0.0
10887.0,0.0
10889.0,0.0
10891.0,0.0
10893.0,0.0
10895.0,0.0
10897.0,0.0
10899.0,0.0
10901.0,0.0
10903.0,0.0
10905.0,0.0
10907.0,0.0
10909.0,0.0
10911.0,0.0
10913.0,0.0
10915.0,0.0
10917.0,0.0
10919.0,0.0
10921.0,0.0
10923.0,0.0
10925.0,0.0
10927.0,0.0
10929.0,0.0
10931.0,0.0
10933.0,0.0
10935.0,0.0
10937.0,0.0
10939.0,0.0
10941.0,0.0
10943.0,0.0
10945.0,0.0
10947.0,0.0
10949.0,0.0
10951.0,0.0
10953.0,0.0
10955.0,0.0
10957.0,0.0
10959.0,0.0
10961.0,0.0
10963.0,0.0
10965.0,0.0
10967.0,0.0
10969.0,0.0
10971.0,0.0
10973.0,0.0
10975.0,0.0
10977.0,0.0
10979.0,0.0
10981.0,0.0
10983.0,0.0
10985.0,0.0
10987.0,0.0
10989.0,0.0
10991.0,0.0
10993.0,0.0
10995.0,0.0
10997.0,0.0
10999.0,0.0
